16 0.560417 0.139934 0.726389 0.047566
16 0.720139 0.191372 0.418056 0.048673
16 0.627083 0.241704 0.231944 0.047566
16 0.834722 0.238938 0.180556 0.044248
16 0.723611 0.335177 0.425000 0.126106
16 0.604167 0.426438 0.183333 0.047566
16 0.761111 0.427544 0.133333 0.047566
16 0.884028 0.428650 0.109722 0.051991
16 0.813194 0.478429 0.256944 0.047566
16 0.577083 0.476217 0.229167 0.045354
16 0.322917 0.476217 0.279167 0.040929
16 0.556250 0.620022 0.745833 0.206858
16 0.449306 0.821350 0.512500 0.054204
16 0.807639 0.821903 0.209722 0.057522
