16 0.546131 0.139706 0.800595 0.052521
16 0.712798 0.190126 0.467262 0.044118
16 0.616071 0.237395 0.267857 0.046218
16 0.842262 0.237395 0.190476 0.050420
16 0.712798 0.324580 0.461310 0.128151
16 0.583333 0.412815 0.202381 0.044118
16 0.750000 0.412815 0.136905 0.044118
16 0.883929 0.412815 0.125000 0.048319
16 0.313988 0.461134 0.330357 0.048319
16 0.587798 0.460084 0.229167 0.046218
16 0.822917 0.461134 0.241071 0.048319
16 0.547619 0.611345 0.809524 0.180672
16 0.831845 0.806723 0.229167 0.054622
16 0.434524 0.807773 0.577381 0.052521
