16 0.553750 0.145833 0.772500 0.045000
16 0.711250 0.190000 0.437500 0.043333
16 0.622500 0.233333 0.255000 0.043333
16 0.841250 0.232500 0.187500 0.045000
16 0.712500 0.312500 0.435000 0.111667
16 0.592500 0.390833 0.195000 0.035000
16 0.753750 0.391667 0.132500 0.043333
16 0.876250 0.390000 0.112500 0.040000
16 0.330000 0.435833 0.310000 0.041667
16 0.595000 0.438333 0.220000 0.043333
16 0.817500 0.435833 0.230000 0.041667
16 0.550000 0.569167 0.765000 0.158333
16 0.447500 0.745000 0.545000 0.040000
16 0.823750 0.744167 0.212500 0.041667
