16 0.549858 0.159000 0.746439 0.042000
16 0.705128 0.203000 0.430199 0.042000
16 0.616809 0.250000 0.247863 0.040000
16 0.830484 0.249000 0.185185 0.046000
16 0.707977 0.329000 0.430199 0.114000
16 0.586895 0.410000 0.193732 0.044000
16 0.745014 0.408000 0.128205 0.040000
16 0.867521 0.408000 0.116809 0.044000
16 0.333333 0.456000 0.307692 0.044000
16 0.594017 0.458000 0.213675 0.048000
16 0.810541 0.457000 0.225071 0.046000
16 0.551282 0.597000 0.749288 0.166000
16 0.447293 0.780000 0.535613 0.044000
16 0.819088 0.779000 0.213675 0.046000
