16 0.555718 0.110000 0.700880 0.036667
16 0.695015 0.141667 0.404692 0.033333
16 0.612903 0.176667 0.234604 0.033333
16 0.809384 0.176667 0.175953 0.036667
16 0.695015 0.238333 0.404692 0.086667
16 0.583578 0.296667 0.175953 0.033333
16 0.730205 0.298333 0.123167 0.036667
16 0.843109 0.299167 0.108504 0.031667
16 0.348974 0.332500 0.287390 0.035000
16 0.590909 0.333333 0.202346 0.033333
16 0.790323 0.335000 0.208211 0.040000
16 0.549853 0.434167 0.695015 0.128333
16 0.451613 0.566667 0.498534 0.040000
16 0.793255 0.564167 0.196481 0.031667
