16 0.533333 0.173333 0.675556 0.040000
16 0.668889 0.227500 0.404444 0.041667
16 0.583333 0.269167 0.237778 0.038333
16 0.790000 0.268333 0.175556 0.043333
16 0.671111 0.345833 0.422222 0.115000
16 0.563333 0.428333 0.206667 0.046667
16 0.726667 0.425833 0.115556 0.041667
16 0.836667 0.425833 0.095556 0.041667
16 0.307778 0.475000 0.277778 0.046667
16 0.547778 0.477500 0.206667 0.045000
16 0.760000 0.478333 0.226667 0.046667
16 0.520000 0.611667 0.711111 0.176667
16 0.417778 0.788333 0.475556 0.060000
16 0.765556 0.791667 0.220000 0.056667
