16 0.553819 0.225586 0.802083 0.041016
16 0.725694 0.264648 0.458333 0.041016
16 0.626736 0.302734 0.267361 0.039062
16 0.855903 0.304688 0.197917 0.039062
16 0.725694 0.371094 0.465278 0.101562
16 0.597222 0.440430 0.215278 0.037109
16 0.765625 0.441406 0.149306 0.039062
16 0.895833 0.441406 0.118056 0.039062
16 0.317708 0.481445 0.336806 0.044922
16 0.598958 0.481445 0.239583 0.044922
16 0.835069 0.482422 0.246528 0.039062
16 0.550347 0.596680 0.809028 0.142578
16 0.440972 0.753906 0.576389 0.039062
16 0.838542 0.752930 0.232639 0.041016
