16 0.530523 0.128684 0.851744 0.049116
16 0.716570 0.176817 0.491279 0.047151
16 0.606105 0.225933 0.276163 0.051081
16 0.850291 0.222986 0.212209 0.049116
16 0.715116 0.314342 0.488372 0.125737
16 0.572674 0.406680 0.209302 0.043222
16 0.751453 0.404715 0.148256 0.047151
16 0.889535 0.405697 0.133721 0.049116
16 0.311047 0.457760 0.319767 0.047151
16 0.582849 0.457760 0.229651 0.047151
16 0.829942 0.457760 0.264535 0.043222
16 0.552326 0.592338 0.825581 0.194499
16 0.422965 0.782908 0.601744 0.064833
16 0.843023 0.793713 0.250000 0.058939
