16 0.536207 0.082902 0.748276 0.041451
16 0.698276 0.126943 0.417241 0.051813
16 0.615517 0.180052 0.244828 0.049223
16 0.825862 0.180052 0.175862 0.059585
16 0.694828 0.266839 0.410345 0.124352
16 0.589655 0.360104 0.193103 0.051813
16 0.739655 0.357513 0.120690 0.046632
16 0.846552 0.357513 0.093103 0.046632
16 0.318966 0.418394 0.313793 0.049223
16 0.575862 0.415803 0.200000 0.049223
16 0.782759 0.410622 0.227586 0.044041
16 0.529310 0.560881 0.741379 0.163212
16 0.429310 0.757772 0.534483 0.075130
16 0.793103 0.738342 0.186207 0.046632
