16 0.529207 0.196484 0.805285 0.060156
16 0.703755 0.241797 0.442281 0.046094
16 0.607789 0.280078 0.264256 0.042969
16 0.833797 0.279297 0.190542 0.039844
16 0.703755 0.347266 0.467316 0.100781
16 0.575800 0.412500 0.216968 0.035937
16 0.753825 0.414844 0.139082 0.037500
16 0.881780 0.415234 0.116829 0.036719
16 0.274687 0.447656 0.332406 0.034375
16 0.551460 0.453125 0.229485 0.035937
16 0.807371 0.455469 0.273992 0.032813
16 0.524339 0.562500 0.837274 0.154688
16 0.413074 0.727734 0.589708 0.041406
16 0.827538 0.723047 0.239221 0.046094
