16 0.533898 0.140295 0.757062 0.052743
16 0.694444 0.189873 0.430320 0.052039
16 0.598870 0.236990 0.254237 0.049226
16 0.816384 0.238397 0.184557 0.052039
16 0.690207 0.322433 0.436911 0.124473
16 0.567326 0.411041 0.191149 0.049930
16 0.726460 0.415260 0.130885 0.054149
16 0.847928 0.415260 0.115819 0.051336
16 0.310264 0.461674 0.311676 0.055556
16 0.572976 0.462025 0.219397 0.049226
16 0.793785 0.465541 0.227872 0.049226
16 0.530603 0.608650 0.761770 0.187764
16 0.418550 0.796062 0.539548 0.049226
16 0.794256 0.797468 0.217514 0.053446
