16 0.557292 0.127376 0.770833 0.057034
16 0.721354 0.184411 0.442708 0.049430
16 0.630208 0.231939 0.250000 0.053232
16 0.846354 0.231939 0.192708 0.053232
16 0.723958 0.326996 0.437500 0.129278
16 0.606771 0.416350 0.192708 0.041825
16 0.770833 0.420152 0.135417 0.049430
16 0.888021 0.416350 0.109375 0.057034
16 0.309896 0.469582 0.296875 0.049430
16 0.572917 0.471483 0.239583 0.053232
16 0.812500 0.471483 0.250000 0.053232
16 0.552083 0.606464 0.781250 0.193916
16 0.437500 0.811787 0.552083 0.049430
16 0.825521 0.813688 0.223958 0.053232
