16 0.552083 0.127376 0.770833 0.057034
16 0.729167 0.178707 0.437500 0.045627
16 0.630208 0.228137 0.239583 0.053232
16 0.846354 0.231939 0.182292 0.053232
16 0.721354 0.328897 0.442708 0.133080
16 0.888021 0.418251 0.109375 0.053232
16 0.768229 0.416350 0.140625 0.057034
16 0.601562 0.414449 0.192708 0.053232
16 0.815104 0.471483 0.255208 0.053232
16 0.570312 0.469582 0.234375 0.049430
16 0.312500 0.469582 0.291667 0.049430
16 0.552083 0.610266 0.781250 0.193916
16 0.830729 0.813688 0.223958 0.045627
16 0.440104 0.811787 0.546875 0.057034
