16 0.531401 0.106557 0.685990 0.049180
16 0.678744 0.145492 0.410628 0.045082
16 0.678744 0.186475 0.420290 0.053279
16 0.688406 0.268443 0.410628 0.118852
16 0.855072 0.344262 0.115942 0.040984
16 0.739130 0.350410 0.135266 0.045082
16 0.579710 0.352459 0.193237 0.049180
16 0.804348 0.397541 0.227053 0.057377
16 0.589372 0.401639 0.212560 0.049180
16 0.299517 0.405738 0.367150 0.057377
16 0.553140 0.571721 0.797101 0.241803
16 0.446860 0.790984 0.565217 0.073770
16 0.838164 0.782787 0.227053 0.065574
