16 0.551813 0.114943 0.813472 0.045977
16 0.717617 0.162835 0.471503 0.042146
16 0.849741 0.212644 0.196891 0.042146
16 0.619171 0.214559 0.264249 0.053640
16 0.722798 0.304598 0.481865 0.126437
16 0.888601 0.396552 0.129534 0.049808
16 0.759067 0.396552 0.139896 0.049808
16 0.590674 0.398467 0.207254 0.053640
16 0.826425 0.450192 0.243523 0.049808
16 0.593264 0.454023 0.233161 0.049808
16 0.318653 0.446360 0.336788 0.049808
16 0.551813 0.607280 0.803109 0.187739
16 0.839378 0.804598 0.238342 0.053640
16 0.437824 0.802682 0.575130 0.049808
