16 0.547368 0.133962 0.778947 0.041509
16 0.718421 0.183019 0.447368 0.041509
16 0.844737 0.230189 0.184211 0.052830
16 0.626316 0.232075 0.263158 0.049057
16 0.715789 0.315094 0.452632 0.124528
16 0.886842 0.407547 0.110526 0.045283
16 0.768421 0.407547 0.126316 0.045283
16 0.600000 0.403774 0.210526 0.045283
16 0.821053 0.462264 0.252632 0.049057
16 0.589474 0.464151 0.221053 0.052830
16 0.318421 0.464151 0.310526 0.060377
16 0.547368 0.605660 0.789474 0.215094
16 0.831579 0.811321 0.221053 0.045283
16 0.436842 0.811321 0.557895 0.045283
