16 0.516667 0.147849 0.403704 0.048387
16 0.594444 0.193548 0.233333 0.053763
16 0.659259 0.244624 0.103704 0.059140
16 0.548148 0.239247 0.133333 0.048387
16 0.596296 0.333333 0.229630 0.118280
16 0.681481 0.422043 0.059259 0.048387
16 0.620370 0.419355 0.070370 0.053763
16 0.537037 0.416667 0.103704 0.059140
16 0.657407 0.470430 0.122222 0.048387
16 0.542593 0.465054 0.114815 0.048387
16 0.407407 0.456989 0.162963 0.043011
16 0.527778 0.612903 0.388889 0.172043
16 0.672222 0.801075 0.122222 0.043011
16 0.479630 0.790323 0.270370 0.043011
