16 0.548969 0.163462 0.726804 0.042308
16 0.701031 0.205769 0.432990 0.050000
16 0.827320 0.255769 0.190722 0.050000
16 0.615979 0.253846 0.252577 0.046154
16 0.708763 0.340385 0.427835 0.119231
16 0.858247 0.421154 0.118557 0.042308
16 0.737113 0.425000 0.134021 0.050000
16 0.582474 0.425000 0.185567 0.042308
16 0.801546 0.471154 0.221649 0.042308
16 0.587629 0.471154 0.216495 0.042308
16 0.335052 0.469231 0.298969 0.046154
16 0.548969 0.615385 0.737113 0.176923
16 0.806701 0.807692 0.211340 0.053846
16 0.448454 0.801923 0.525773 0.050000
