16 0.550518 0.136364 0.790155 0.050909
16 0.730570 0.182727 0.440415 0.045455
16 0.858808 0.230000 0.189119 0.052727
16 0.637306 0.233636 0.259067 0.045455
16 0.729275 0.320909 0.437824 0.121818
16 0.895078 0.404545 0.106218 0.049091
16 0.775907 0.405455 0.132124 0.047273
16 0.612694 0.406364 0.199482 0.049091
16 0.817358 0.460909 0.246114 0.049091
16 0.586788 0.461818 0.220207 0.047273
16 0.317358 0.460000 0.318653 0.054545
16 0.553109 0.605455 0.790155 0.207273
16 0.835492 0.812727 0.225389 0.050909
16 0.439119 0.811818 0.577720 0.049091
