16 0.555051 0.171169 0.743473 0.037500
16 0.721907 0.218145 0.409762 0.040323
16 0.635358 0.260282 0.234393 0.038306
16 0.838252 0.260484 0.169126 0.036290
16 0.720488 0.342540 0.412599 0.118145
16 0.607548 0.421774 0.184449 0.044355
16 0.766742 0.420565 0.124858 0.040323
16 0.875142 0.421169 0.089671 0.047177
16 0.806186 0.472177 0.229852 0.044355
16 0.590806 0.477621 0.204313 0.053629
16 0.336833 0.478629 0.303632 0.049194
16 0.555902 0.609677 0.733825 0.194355
16 0.450057 0.801210 0.533485 0.055645
16 0.819807 0.793145 0.206016 0.045161
