16 0.552356 0.142045 0.801047 0.049242
16 0.719895 0.189394 0.455497 0.045455
16 0.853403 0.236742 0.188482 0.049242
16 0.625654 0.240530 0.256545 0.049242
16 0.719895 0.329545 0.455497 0.128788
16 0.884817 0.412879 0.115183 0.045455
16 0.764398 0.414773 0.136126 0.049242
16 0.591623 0.412879 0.219895 0.053030
16 0.829843 0.465909 0.235602 0.053030
16 0.602094 0.469697 0.230366 0.053030
16 0.327225 0.467803 0.329843 0.049242
16 0.552356 0.613636 0.801047 0.189394
16 0.837696 0.814394 0.230366 0.053030
16 0.447644 0.818182 0.560209 0.053030
